gen_no,avg_cost,min_cost,max_cost,time
0,7655.48,5519,10209,5.967140197753906
1,6501.44,5437,8759,75.96635818481445
2,6337.02,5519,9331,138.96512985229492
3,6007.1,5437,8501,199.98979568481445
4,5977.22,5200,8183,263.96632194519043
5,5914.24,5200,8197,328.9957046508789
6,5969.38,5200,8608,392.96507835388184
7,5962.84,5200,9236,470.9968566894531
8,5819.18,5200,8683,525.9957313537598
9,5779.16,5200,9275,592.9958820343018
10,5853.26,5200,10064,664.9963855743408
11,5805.08,5200,9654,717.0002460479736
12,5733.86,5200,9536,779.9959182739258
13,5764.76,5200,8261,843.9960479736328
14,5664.14,5200,8927,911.9961261749268
15,5616.8,5200,8721,968.9955711364746
16,5650.16,5200,8174,1023.9958763122559
17,5614.48,5200,9262,1077.9650211334229
18,5711.26,5200,9313,1140.995979309082
19,5923.54,5200,8954,1191.9960975646973
20,5995.28,5200,9016,1260.96510887146
21,5845.76,5200,8460,1331.9966793060303
22,5816.24,5200,9606,1399.9640941619873
23,5901.68,5200,9563,1469.996452331543
24,5799.48,5200,8565,1521.9993591308594
25,5969.36,5200,8799,1577.965497970581
26,5729.1,5200,8799,1649.7998237609863
27,5645.1,5200,8174,1705.7747840881348
28,5787.9,5200,8635,1773.8063335418701
29,5807.06,5200,8449,1842.806339263916
30,5481.26,5200,7983,1924.7896671295166
31,5835.86,5200,7844,1981.8053245544434
32,5799.26,5200,9062,2048.804998397827
33,5769.2,5200,9658,2098.8059043884277
34,5802.82,5200,8372,2163.806200027466
35,5647.38,5200,8618,2217.7741527557373
36,5784.86,5200,9756,2276.7748832702637
37,5683.52,5200,8232,2369.800329208374
38,5770.22,5200,8136,2437.7763271331787
39,6050.5,5186,9658,2508.777141571045
40,6010.86,5186,9658,2586.7762565612793
41,5593.88,5186,8747,2654.7746658325195
42,5839.84,4978,9686,2720.7775115966797
43,5647.38,4978,8576,2777.7745723724365
44,5873.68,4978,11264,2852.806568145752
45,5559.66,4978,9107,2929.786443710327
46,5868.24,4978,10272,3003.8058757781982
47,5762.16,4872,8790,3070.8062648773193
48,5608.86,4872,9869,3133.774757385254
49,5643.66,4872,8712,3199.7904777526855
50,5533.98,4872,8725,3267.8072452545166
51,5259.58,4818,9510,3324.8071670532227
52,5472.06,4818,9561,3402.806520462036
53,5694.12,4818,9621,3468.7750339508057
54,5285.82,4818,8272,3534.119129180908
55,5288.0,4818,8229,3580.120801925659
56,5505.7,4818,9186,3651.130437850952
57,5369.6,4818,8516,3710.1194858551025
58,5398.94,4818,8309,3772.150993347168
59,5404.06,4818,8552,3841.150999069214
60,5939.96,4818,8959,3914.119243621826
61,5545.28,4818,8554,3974.1499423980713
62,5555.72,4818,8962,4040.1506423950195
63,5547.78,4818,9572,4101.152658462524
64,5450.62,4818,8992,4165.118217468262
65,5812.16,4818,10566,4226.118326187134
66,5568.16,4818,9916,4282.1502685546875
67,5806.32,4818,10009,4363.150358200073
68,5548.02,4818,9620,4427.143335342407
69,5626.28,4818,8516,4486.143112182617
70,5350.92,4818,8964,4551.15008354187
71,5698.62,4818,9848,4609.119176864624
72,5184.68,4818,7911,4666.150331497192
73,5231.52,4818,7643,4720.11923789978
74,5399.52,4818,8684,4790.119171142578
75,5562.16,4818,8684,4842.150926589966
76,5535.48,4818,8382,4908.143043518066
77,5605.1,4818,9121,4973.119258880615
78,5380.66,4818,8812,5028.11861038208
79,5349.7,4818,8135,5083.150863647461
80,5714.5,4818,10366,5146.150827407837
81,5301.7,4818,8660,5203.153371810913
82,5379.24,4818,9123,5277.153730392456
83,5578.38,4818,9632,5344.118356704712
84,5593.3,4818,8941,5406.150817871094
85,5792.18,4818,9632,5471.119165420532
86,5539.14,4818,9560,5529.150485992432
87,5567.34,4818,9414,5595.151424407959
88,5590.0,4818,8629,5671.119689941406
89,5599.22,4818,8872,5723.143815994263
